$ANSIBLE_VAULT;1.1;AES256
61336336343338643030356335343830383335393339366630633261356539646266616662353065
6230656466643063643935626130386638363363346364310a356130373833303530373262666136
62316538613932636466613864373063666361383633643533623931333438643131636431333533
6335393364653563340a663339623366613434373837643837643136393966626231363136663437
36653937343130663064633764353835656661333862336164643636336238643536663566313537
38636564653137313434383438633638613937373239663664613866383464353135353433633737
34323935396563303430383965663937333564346332613235626562666338343031663934366338
62313863613031396335323434373565303834336466396465303130326236653532363435303663
39623063323164366633646132643334383866306231316366366135303266396330333439653033
37363664356238616265363835373333383765653661623466363735363633366265313834353938
61643236376632353362303138393639326162386663363836353031396130306163383337356664
31393662353735326630656530313463306530343163396138303636323561376534393432316164
39613162366362663431653331633964363134613730633930613366643436376339633434383765
30383931376633326334333763316636336634353536636632636166323161396264653230376233
64376234303636383733323061653939313865373261343232356364303462366131656633323562
61323033393464653363353438303066316565663866366564613535646161316234383861323338
33666561646639613131383632303764343439626232653932643935336536393138626531663132
62623232303464613737373632323339613164356261626262636536656163383332643032613364
37373930653332663733343032306539383831386135343036666337613832313966643836356562
62343631636536333832393937663666643663656162306661353462636461323266353564663566
31376461666337663535636338303462363330373166663663303338633561303133323432336162
66623930666465326538613066346131323936323637303337393164393561346436333761336234
32623430646333353535373233316632393432393535666238313234663332396630663535343566
65643766316232636165356236316530323935626338653932376565343265336431613363616266
37346334376561326233386331653036316230626364643263323461393964303464613136393033
64316638393434656538613438396134373932333066316133313139623637376238343333616439
39353165646134633938323236393330383966333331633866356632363136333865383266653836
30626239303239353236343366636566666534383564646361323130613338656434333536383765
63346465653939363139363438346133623461666630646233663261353435613038303236623665
39386333323365346466396536656637343239666230363932303738326137333235356432313334
31363366383731316538633365386563343033353461663231366534396464643465353335393630
65383937393436396538383862663561366138353461636663323337303563376635346265343735
38643739306565323666333131613630653634313039346564653837643637316161616363653534
39333439393432323738373962633963383030383038373634356239353033333336323732326632
34356565643633396637643164663062363261623462373631643932366333616534633438366238
66656431623132366562323638393836373238613662316439663133623934333562616331386333
37653838616230386234376438346666386439653161623365653535393138383064323733326631
62643131333338333361396435353934333931316139656431323632303362306463353261346631
30366435616139313561303064663430613139383966656431373861323138393464333539303966
35373635373164626165313330386631383632383263646331356339383235623363353461623337
66653766656662336238303232646537653066353738373565306538323032666439306461343934
63623435613534396530626437363033363338333461363863353262653131656132386366646134
39313162366530666434386464616633323562613465333939356166363135366235633636303937
64336230313961343135373330323365306232373134323830643731396463393163383036336533
30356637663939613163613961323266326234343639326564373635383233373632356165366466
38353832353234613431333336303463653831376230613731323665623733666631343130643938
62633761303530633832663563323331303231326432303466643937643837363661646138623963
35306232663237353235356537653733353336303561326163363437643361643961623138353833
32653761386165383837333832666230613531363834386530643263663139366635616336613732
38653233313761393761393061346230626539636630653262643938333937306266393738666135
38633762613132656633393864616439643632346362326663333936343532303165376362613464
32643135653163613263613137313334373561323264343861656239386265613162623566323935
39633661336566626635336335396132363161346535636364613766333466323539636137396138
62386563393032353764313564393334346665393939303330333038623436303965616439653130
66346163393464613833613639656533306535303333353433346531383661393164333932303631
35313833343163663531616463636432333265326130386164633733613535333266653764323537
32366434383835313133643231373431646232346662313366386664393134623734313933316434
37306265363030623730353265333163323062316137383163653933643564613235643230663063
63373661623266353739393361626435313135626266623766376339323538646339646361313165
61363164316366313663326231333938346431346463366339336664313530336161303961666530
38663932333961353131323532643434663162626635306531633933306437366239363434663230
39623238383431633133653332623232623935366262346531333134323534663038303335303866
30653564616565376362316432383262303263393933346231343865653734353938633464643436
66343132386664326161363664666337316466356161366361336362333837376662383961373061
39653036643036333631363636363933643435316463613730636537616434336566336538336335
61393663646636343737333463396537303138623837373163356564633030316466653538643933
39353362333033383038396536396339383032376136363763346432646366333234663634666462
37363066353635306434393331366234306461626530316637336639376537373863643837646665
31343764653861663933623936653033653930613063376362393833613038643030643539626433
31363432346164623535373333646266306238363430663862376461383036633634353936343032
34356434366537663461353438383838653262646233396661316335323835613830653931613364
33613736376530386133333866356238666130653361313633336434326130636230383232613265
66323966376333646638353062636562303036323537356231346532643838363339646162323433
33316431303266396431333830666561393738346430353063633662373961343666383766633131
64303737363839366433646264303935623430383935616563326532346438613233653761663032
36393866626238386138613837316630393334643639386137646331643666663538663136623333
32383161333831386163373361656137633534376463336665613735393233303236663432373434
36343832336234346266653738313834626330393562636263343430666333373439326263336534
34326536306535363064323862366365326332356330633166663139376633383964636332373061
38346537643638303763366464333430313230346238333364303832343631663131326135313635
62353061626163333837646232303465366162353266376162623663666130363066666236656339
66376130383730613364653236613263356261616637626630633334666234623334363832336564
63356564343731656239356432333636343766313439336264376433333035653734643939643361
63636238343031353930373831383666633365326361356262323064323062373462336363303736
39313935643631303731343637396165376334653561633830663038386437616466393964353038
30346130323737306337653536303930633966323664333564393931316636616465393562323362
39626133373131616334373538343939653366313430336337353661343439373630376538356230
37613061613363383233663234653933356362306663643466303133343333393230626632333065
31643638356634656438646633663130646338373338326632663964366661333763613763343330
65306333353930323030323236613761373362303038633732383636663663353032323762303839
66323064333634666538323064313263313637373330336639373632303062306435303436313238
66353934376462313030343065326137316137316164376433333864366639623234396336666435
62653934613031323033656139666432323936356632343130623064636165613562303538323265
35313336373437653064376638366161393039363964393666353961613239386134636464653964
62623266333633333437373337333035333436353835373833376436366335626332393566646163
37323235643565656231663062656334613539643337333932663165333632313335323861353839
32393663626436373638396130343962356135396461316533613435623434323931386563336566
35613430636365376637653430336433373634326133663634373662393934303539623438616362
61373033323837663864353461316663383732396537326462636364366662306437323934336465
63646530633233643134303134313431313564336263623161633032333464396366393062626430
37616138356531626565393633363230356234626164333965386333353166623966383366356264
31636432613762313261333339343733626462636132346165356565656130643836306363383262
65343265316164333537376263333232366332343438356561633130623937336661333365356331
39336335643365316665323433616437623163326631396239306230396331613434306564656430
38343230376139333862623533383965353463323539356465306564653565343731333231313934
32636164373230633132616365313136643163353933386634393836303832343932323036363631
61333637656464663032363839313263623737633037643230613962316431383662326262633630
33373765363534633565366264323765633865376633306232316438326136653138386262333334
64363865323163313730663666306661393238366237393236313064616630633634666265326363
31313032336661343266366430663162656661303862336333666537323661663533386637313362
37313138343838353635386537323134366537353538346465343536343763663365633431623733
35643833313333313063353763333733363034643462313966616561366338633062633634353662
35666438333433303065386138373664313966313233303436353436363066393535366438353439
35656334626464333835393038363432373936323131393465306362343135393633363261323162
33623061336539323530393233353662633665313731616637653531616232616361633166646634
37306563623431333938613433386637343563346439326335356535623864623065383562356535
66323664346563313831623931363432646530653163383333663137633234666534356636326535
38353734666362346266376135343837383561373562613833623639393639393062306137666266
32353138363266333963663939653331383131646638363738656236393230383534633761393633
30396438373030336631343633623561386432616537643963653036613365346634653139646634
65613861386539613435383038383637343138643938663235643564653462366362336463396531
31316131336632313234653336313233343033336366633131376366353538363634316466636636
35656430643532616330653534383739663337303361626361373137656539616633363266326632
32393730303033376231343336323434333865316630393064316234313230393961663137396333
66306265653035326164313264623338633566373934323264663736313034613832313237323866
63623930623962663064306431663366623532616435356336383664393534653430323435363432
61626535303038356161333132383164646234393236336164636266383434393638666531323338
38393464363462313464653338363135663935626638663666626364316537646563376335383363
39333336623536626433386139396338353334623331353238613134623934336139363962323862
64346165366565666532333866616336303139336535353962333037623666363334393237646335
62623364326539303165613465313061376130313039323337666536346539376666313135363032
63303862653761303865376565386239356332303435666162333562373734663234666633393535
39303830343930373533343033303835656664306237376639343861373233663530333564666136
39636663643238333439353533653837333566383933623131656565653635393636346231636364
626338343732623334613561653535396166
