$ANSIBLE_VAULT;1.1;AES256
32383433353737396539353330653762373430613833656363396635656330393634656363343132
3765316665393939626137333062306134343036343634370a626434346637646666306365636661
30336538373661613466393164363364636235626634323339623664643339333532666136636133
3134333063656366340a636238326539303130373339343161343766626666323039306532386662
35326666396238316534333061303838323462326134663032333937353161353137383165316365
64353062383435613135623733643162336338376533316634663634393361623935636362386134
32323433656339343037333262313062643530623164353066343931386366376464636131313137
65623863656538316538386138633166336464323537613261333932656133613961366639366637
66353438366530313833643264313731393232306362376334646332363962623932663363306165
38363336333362653462613236646231643433316230393330663564643334323266663633353635
64303865313735303138653961386365613737373663356630613464656336313366623539643933
35626435313433353861656662343263626233356462633937396431666432666265303462323362
30633366336433653034346538666131373238303535636232306439363334316137633263643763
31393863316338343662346334343333613833376331326265646561363738363833313936373363
35656566336365326132316533383266626466643133313231616335313239623035633764643262
62633334346566303862666436316630313534373939326338363136313166306462633762343634
33373464333461656132333333363664623436346665313931313937333836346438613735393430
31653466393835646434326664323662646438386438376164383663313265623532353735333938
63346533333661376437313330653736656162366364343863373631303439383938303034306138
32626438613632626438383661313635363639363935363531326133653233323835373235323833
33666636623931323034663431366632353638303631636233663564616666346530626666343063
35376337323438633336386362623664313235353136626464653138343732616466636437656339
36333464656165613138633066386534613130663863316566383535626162383839626330626538
34363562376638613237376239653832376334663762383235663764653738323039663662396565
34666230366639333437353663663434613366363136393365323236313432333864623634333465
62343237326463356432376632643532363031393936353966653034666364633634626532336435
63623466343634303066303261376334303364616162333832373834663662613136323562633434
65663732663133326366636434303336363435336530643535663634333131666662323339386531
61656165386337346638333034613235336631383731643065383661383766346233363630306634
66633634383763653333666133633061613831383361383034636232316662333264633535623136
36643265333734393836333538353036346265396630346636663331643465393964616132383262
30643134623363643833646431646461336564633731313164336139656163656433626337616439
61336564366437646633313164643762323539366266316264303764643731663261393330376638
35646137303137643530633664303137373535366366623764616637393535323264653535356234
31633431333536396131396465313838313862613032653861626663336265656136323732646164
62373765636536653064346438336462383930333333373362383163393037363130326539386164
64323065623731613537623834316364396164636262313836383864323139366233643363376634
34623264373435333434386630636666333931663133646330616362666131653232306631333638
32343337643431623931656438323537383263313432653365393463616339623434363963633639
34393639643732623564306139356466306235363737663237333061386163346132626238316166
65626239653330316334633536323965326132316166336164373866653663346434323130306131
66386437303930613135633732303136353737393631636362373032633861333537303234353962
62633034323632363036306264353766643362316163666563646466366362313263633565663939
63356232616130376335303732313439323435396337633861333262363763333337353862626666
33393432376239323931363162383037613665356537333363316161303464303037623163313261
64663939636331326633303761386536383235653039316535613636303933646436346265643231
36353034363431653163646564373332333937313336613264363864313536653935636364356435
33646665343366396437393466353964383332323865643238626264363139663363616161356139
34663962666336653233643037336637666664326362373636343962623735623762396630626436
65316665353531646362316665353765633931383838346432666666633031613833373061613638
38646261313761313739663864623438306135306134383337646239376231656362316239616533
36303338353364356430316232356231626233623565636130386264333135623839386539653364
65353366353334323239343132626131306661333334313064366531306132613065303237343036
65373732346431306234323163313761636364363433323733666638656465623161373038616439
31666133316635363330376565646332326162616531643836373238333062663636353433366139
66633465626461623461663234333332653639643861306130636339303738333664366531323933
66313565383263396530323066383235326532623664656138373435636365323137303831343962
39633361613833386232646434366436653739303936646535333334353364383830646136303239
32373739333661616238323435336632656437323230653064636563376637393064613330663438
64393666383833353561393664666239323661643238613663363130666562363635363232346164
36323464373436396336653562643234643633336332643461643866313131316139316633306565
32383734393263663630656435343962356437383639333938356231643739633035663433386239
61393662306365386234646162626636336434303938666661373734363433366233636331353536
30353138626363306364363139653263313337366632313436373266653239623464626531356531
66383839653464613836646233366537303832653531643761653362363130653632333364623966
64626331306531313430323462373534303465623936393333326230396232653561636233326435
63613361343934613736316664353361393937646337613836356230666630353337346162616130
61663438343261356162383065653630613137306334323139313533613866356264353662386130
34623062313165616464626539636430393031653864333738376132303937616663336466366366
32626561646666343238643830306464393732343539303037396338323263626362356338323535
63643766663636613831626264363862656438633565373165356136313462303839303037383538
66303865303338656235343035333936366535306133306565303663626461346633333066336566
64646637366664636237353038656561646461383161653532333734656466376539633664663061
35653732613962646364626436356161303234386366616266366362343034333163616431633762
38356631666533323434666264346137626564343137643563353766633937663565353030363162
35663264633432343535393863613133326662653366393933303537326436386435313238353339
62346666656233633231383161656332656564623731346237386664383766316237306431393533
62656339386530323533343966643062303839633962656633656362636264653162666533366232
61623565323235633431646439343130373337636132623362626436333836643439613265306338
34366638376361383738376439333630366638366232396236653963643939383434643761316538
37636231303435373130333136313462343033633961633932333636343538643530663034363738
36343936383661383861366135353661393031666232306639343566383762306535373132613234
36663436663361643962656636323133653333353139396131653334303436303835303830356130
35343266613833373537313962353065333630373964363736366434656135366136653265383139
32663264373634646631393765373830356361393935306139303266323335663139376139366431
61306434636162383632626165396661356632363031373461623431303266333530646666663431
62353633386137346561386465663233373336643132366438306536646432303334323133313163
66303439303061363436656361313266626265643232373735366264386335353636316231333966
38313130313765643161316364626666643232663434316430333862363133363562633930643766
36636233643839393262633736633866333130316164323235623263663732653865313564303461
66633139333164623661356162353666363966323131323665396266663665613231366362616438
39346662636136386130326136393666303636306239336337623036356463363363353036356433
65663934643731383630383538666563366266613561336234643538623531633761373833393133
38323862393038363964346230306630346236643131376661373066643232323930333834336465
35383931653234313335636261646137363933383262623861643063663838336439613939633561
39623765346438363665383035636535663638663864666165393162306563373830356336353237
61366436393131306564646564623063323432663332636566383630346536323935643234666166
62303364336565663137373638663761346332663831356164393561323032356534623864306566
30333064326134336237316236366137363237363334373736326634303936336465303361313138
36636432353230396338323935343264386565663936333965313830666463343335363434633331
32623939616132396665323762393366363165663235316535333030616563333063306465646437
66646334656463386231346134626165636562636665656162336561356635333465336663336333
34643964623239363964653639346330333465343736353365396332663363633537353363343134
32613866623163393539346533316430613737393335336538313663393861613064326438383362
63613561626539343763663864373364643734323462653663363965353538363832363736623461
33666236343937646433393638656139376132393338623065316637646539626365636633333563
31383036633863306339396530363865393932323262363634616264663139633239396231353732
34646139643266313365626536313662353966343535653033633138316435346462633139393430
62383866353134663332636262636637333764306333633464653230643461616465613438343837
64663237623035643738633635313136346135613438363436623638663835633664316432616236
37343035646163343962623134633433316637343766656235656430613262353030366633643863
30653162666431646633323837353632306331626236346333653737356232373263316562653732
66326663306230363535636265646530323664356136393834613464633565633839343830656432
34396566623964633637643435386565383333653338373337303330343162393634323264383865
65646131653631333739336531653165343934626363623564313232393839323934616535353536
37323035653761363736303033323837353162633434383430656137396236333966303765613236
33633830393530356534653136613635633035353563623636393237316131616531373961663465
37323534303034343465363838656538306131303761646333373132623337656661366563303032
63333261316537383936633064653231623466333930326436333632333731666235633930626562
32393662366664383461343235323065623532386665616335333538313739303337313139313163
61626636393435636337646664663836373661303632656562363730313230363830306561613366
66336364333337363339643630633431613431616265353262663336343934386130313737343066
64326630396363333630356633383763303937396439383066626635666238356665613535626236
30333962396637333264643731396238326661386165333430356164393034613961326337366535
65393864643234633730613363326431313636643034656335353363313833336337363864316166
66626533616331306461366132666439656362656138303636653332376337656439616233616366
65656330303330633831323539336339343466623136346365386161633634363464383164623431
65343162636135653066346234656338356664663037373830333532383065656337316334363438
36323931363465316134656331333261626235353732393531393364653463323862626233343430
35643434313638613366633732623838646331333738643037353663386335633232336163653162
63383634666131623765316265663534616163653564656166333862623465323663343934623636
38353063333462356339613963356564653237303461396464353237333563336334383164356334
35383334636663633461613961666430376334323734663266353031616430313862313430383663
31626164616131343962353534346136633065353834663230646638623564663135663234353936
623035666337643234636262623336373963
