$ANSIBLE_VAULT;1.1;AES256
39636238633666313431376136643161333433343933613431363339346136626635623562393538
3661356363316535643165623731623937386339393365310a653562656238626238663334313762
36636435656436363232393832616638393733616430363636646537643262336563653865383764
3637336138363230310a376265326439623831643137383261633636306564323432393263653339
30326137343634613861623164396165376533646538386433643562313537353238616565636231
63663430663162636436353933343532666135396264356463646138376438663038333137373464
35653135353366336561343465323233356539666431393732663635343337396332306137326466
32313338333836633534313238363564336562353465383834353031636565666563643534613038
36353962653962376465633465336431653933623630316564373761373833386638376237393561
61666635613630366237306366333162356161643939633134616163636462666533376361623131
35663937326261396639646138386165306433613965313434383864353264626666633537306436
63653638353765363364636339313232623861653735323963373534333063623132623164393533
65653832343933666636353733383538633037306663613662353238383365343131333338666530
33396334373363373434353866313364343935303730646433616662383037323237333437386365
62636232646438663665633563336137666361616635356137643137656235303764633831323739
32336365383934653437386361303765333038656262313532396365633162333433346131303438
61343338306664356133366131363533353066363136313364306531343637346263353632386462
34306135346461633762396536633632356563333837313061343031396637663238626338613661
34303439633161313933333865343338636633343337343039663238333937316432313435313437
34323530303735323839326337323834623830666261303534643130633430616337636631366235
35333365666464306463643735363862616363633361373061343432393363323065
