$ANSIBLE_VAULT;1.1;AES256
65623530343339616366356362666564396536343835613730393164353132316262626333653033
6337666337313436663638623362626537356231303439360a666338616463383633326465326564
64623564363734663538386331633939643139336333393531636138303234626564653935323466
6565346465303439640a656537653135646238656163393932313030616539653336633437623938
37306533353533656639643439363463666466343435623430326262333035353236353633633464
39643137316331613435396337393130666263323863366261313037626365633562333231303839
36373935363766333264623333353935376562613636336366396365366662313361343535623433
31633762323339326331616662346666633238663236373731376238306539623837326239663164
30313833653461666135376562343364666461313337623636646363346230396534656162376261
37326432326439383965616330616132653063363161386132343634363830356262393963346662
64613736323161393239353062626562616439343434643035653034653962633539313236666332
62343637373837623539326137353333333536343037343830636262303630663333393362613936
63343730353163656232383065363965313139653631316364653436353039663463376162626162
66643361353561656231346562366364373937623264656133613536643139396466316534356263
37656139383564393637633135656162343962346135333231333738303564613531376664613165
64343766366431346131363037626338633561326561663132643364626661303337383734356237
32323162666534663032356332646638326565396239376637333534653337383734333235636432
64316161396137653763396262313266666236393261333863336363643762636334316264336363
36636131656239656561346265626135363935613561316630653632376436653937353032366233
61306532636366666436383164353439323830336533336233383432373536616666636261396136
66313933616666313938646464616563343363363664643230363032383139633639333732643761
33303433313336613232343461363134363830323131346437366361386330646436343939306634
33306135343431373933383064646464656465386161663438616431616634343430646435646664
63623930626135303833363363346638623931306261343136316664643030623731613034306234
32386336336339333031356439643432313539383138613562346239663366363732623966373163
3636383264613032633334653037306666323661666133613564
