$ANSIBLE_VAULT;1.1;AES256
30646261333865383335336562326236316163373535313739656565323730616130383133323632
3733616539323536383864313961313662646164376431370a313330323738316631626132313336
64353466313637373862623961343432613339613462343837356232613436623034393037626437
3039363435633138390a623130373733323039636163303937363933343339323263323036303132
64376161346238353330663433363566656231396530353865636434663530343039636265383136
36666166626236663638626139323734623031353662653132663737613537653361333664623038
30333937663839623335663830343564366232343332306264663831633534643332666136663037
65343265653461346566653337643561656637353833333432333437333639663937623434346238
36656163303733343934636533343630636432303663393366316436616263353030346464363463
61313462336233663430393435313434323034643739396461323461393438333061643831363564
63363538333731376438323035373231666561313330333631343734393431346637613662313437
62653234626335623539353765356363326138666335626363373139343761343663393133633936
62356366636365313333363432626139316430333739373262343339383936393233663662643134
32333630363738333063666134643730373663393835383166363939393964363533383535383637
33353336626634643961356138386135653935366334386634356438303136353962343039386162
64326361343962636266336666393563383737316530313066363930623238323835376561653066
64303062356238353234316235656638663838366434306531616532653137336639633730333764
30336266663066613632636432343265636266303730383134303337343230616566653739336162
62343432373264636662623738376336343536633532323266393734386364383361636162666461
66366439316236343033343833636538636432346539343461643239623666326433363465643761
30346436346262656630636461643765343130373539353932333838353530663435393966383538
63646630376531663730393562356161386361663966633530323062636531333934343431613034
30386165353162656534363039386430323130336663616431613265366338663662653466666336
36633636616430613331303730383462663835386238663464363336633835333464393735616436
63383737663339636162353264313938333034376335313534326664666166383262363437316366
34313934623961663666346362666431376433616339383936363564346231336566366266366265
36386637393736623861633866643664356139353761653633306439303435653730343665653638
61373761643366636335623636356231396435336434636231316435623938353732303631633230
63376632663536373763653339663065396464623632393365663535313361323466313134333761
61316332383261343536306339383130363738326334313165386431303430393837663134313531
35636633636363366164373532613764613666643431643433363765663763356436643230643863
61326234313962613666313235623262396563316330633830316436396637356130663831633133
61363235343432393365323935663865363234383236663463623538613734343366663839386264
66386666656234656664303934373963656433373538356439313038346561333739316433653233
64653836343538313336346137343839346465323666346539376338643862313464363464346131
66646431623936303533316539333533303231303239613761373462383038373266633637616264
33333035613866623630643439633837396431326536653765316166316434333137303961346161
65386534373761383630363033613731663931666137366639326334646461363034353738663235
32353334613465333432303530396630613235376234303130323331613238316562383239303564
62623864343630616233376539343838393832393237383164353535333365653633313362356263
65626432653265306663343062626537316564303233663932613832303435313634343562626236
64326639376131313434613163666663306531393938353064623033643635653431363665626136
31616264303762613330636638356636323266623266313233633961653338653065663534316336
63393434646433356138386532373062316161623163663362636137653039363765366334393836
33643434653039623732396166343363646339616166646332643230653135656438353366373064
35643935616431613334333430363532623531656134303837336333623234346262613438663231
34353336313632386562353339633933303461356538313166356134336437373164383064316362
63366332656439373236303165346562666563356139623066383063346161613965396462386538
61396130633332353431383035303237323033633262386438626639333930343032616337343035
30653932663137376630376261346164316632643764646537333237386361313465343631633639
36316364313132396536656330393135616234613064616539646336303531346637666664363637
31623162633766373033303965386639643362643864366538653966376133376435386534613763
32646430313364666339373232643463326662396330623035393138336266313266333432613330
32653562636466613962353365346436346230666434336330626366346539353462333235393539
64353163343061613039663437633365623031616137396665353339636162613632623961386463
62653764366136373838336137323638373137343066363362303835663866343163653338616331
63623131643463383030346539643434393765353539633935303366326632623632623032303832
36303065363530383032336334373131353235393237333437323663636164316533333839356563
62616630653638303364323263346338636463313535303461303537653838633237663130396433
62303065656361663531323534636139313266323466356237306639376162313864643635326164
37663233666164366366316230643637636536396230366230353934616164633030633430623537
30623464646165343931386239353231643334343331343830336632393838316463633933656231
36336431663531333635633363636335346334303536613235333166363234623762353063323564
35353432643539643235663132346366373966656661313563646530343732613763373438323736
62353330306434373430643039333761653264306233396564643837393366643265343539643264
38326436343639643262323831353532383064656666343538313463313238316662623737313131
33323066623830363763313736626434393963396330323837373465343964636238363539643331
65376465353538356433306539303266336233643863333564386437393665613533653263303033
30333764663962353865666239356466373637636331616466663130306261633065306262333032
37646566373039353763626130323033396438643264383539646165393763393636313465316461
61326265653361653130613464306339353438613665363062376138383834396434306132393438
38636234633436386138303432656566313831663463643536643837336165633238313435343932
38326330353365613033316231353637306362653135646662313932376533663630623433316265
32626535346235663930316435343432356637346364333637663238303531626566646236363331
31323366666338373236386261653134393530656161363634323065373033383734316562666365
36626432366530656135383435326566313264333935393031393333396433363062633165363864
62303363653734343866303732363139343937383164383435363935376335386365383934306535
31336532626566336666626136336237616536656465613361663833346263613964343432663738
62373462333033323765323431356566646339316262646334643366363133663738356133653433
34356432643963346334633362386561666230373730653631356263623339363232633864613763
61663736323034333536363132396131333039613439393939313464353631613637383533633733
30656231373366633332386262306235623364643064663238356136386134306135626162303931
31353061623537623538353361313034383034623131303330613432613530336164386163373966
61303234386465346433343763366336623466653838636433333032666139333437646230613232
31663035636330633735373461393961626366653961376363646465373136383038363164336132
63393565666237343632366431333563613731353639313239663961643263313235633061633839
37386430366234356436666230333738396338396631303362303030323463353431643366373239
62613737653833616565353738373833313262623632623565343330343538643337326539643138
31626133343463666539313565653738323162376632303935383333346266363063623265663761
63356232363461366365363961353930663631636237353833663533663365623162393637613131
66643630333638363232363830613765353663313831333739326635373133313934396337306631
65633762363666303763646164653638386662313638356266666637616264343831616637336566
31386164643737353333626538376437343664366634306136313037653736636561316137653263
38353261353061633236366462303830643531636166306461623965333339316339336439663531
36373061363366326333373936306237646364343439333036363038336166303866393934666562
62353832663135363765303836383430643562313735393531353130666632656234353033633837
38636634636161386365653232346536326239356264373632323030306131366165326434383865
65666263386533653961346338646662663361363164383331663938383338396165323039386630
30303234653364303637373166613962303965383330366236656336303361636661396237663732
62633136383931313365393264366631316437633862613939656330396135383261386563333762
65636464643265663035666663623931663033646438613236643433656639373432663435633363
64303763643137613437333436353631613761613637376530366433326236613236663063366235
37666230663438386261326631666337313865326563626165363461643535656262613932386530
61373264326662386432303635393436626162303635633064663434303764393165646330333262
37393230376361623736346363326132636166656434313163303131343061333866613137303362
30313836313330326364383139373338653464363033363732633637306664373765323731633732
63616136663133666166623235616133653235356361656264386535343664623834316535626663
38613930366461623833363162303466336661316430656331396333353635326138666230353933
63633435626430323162646537633632346536306165633062306330323036643331313333306264
38323862393634663230653131356463393033623134316165313134323236623931326332653063
33303436373034323332343032343435316162623631623733326161633366323163326465393164
31373232373364346161633838336130336434366262653364616166336339373166383039653765
35643861333338383239666562633836323663373362373633633430353031333462623538613863
30363338643963373962656231663461653262376234366365633361356464383364383165313133
34666433646465366662613464646235303165323265316665643864633430336663326631396364
37363835336464623434356535636639623331373239653965326364636664666563633331333138
31303666663761303432633834313738393264343563363430383363353131363832666165623961
37376338346164306431646135333937653437333432643831313337393561636434653136303366
34636537353436653339383937356365316662353363356433663666323761653935366439656265
39323732386638353062653734323363323137656236386563376632636632666631373365663166
38353463613137373037313032376163303965376637656465613666363534666437626139333235
31313566313763666531313232663166373132643362313963613733626265363435643963306337
66663462396139303134356233636234333537623964333230613736383636633931383237323833
65373136663861323566303861303332633861636236643532646237643465316634656237363364
30366335653364626433636439663439613633626638376332623565643761343538656165643536
62623234663839323432333334653663383237366134333133363066373565653461636533313236
36366339363033396438376136373136623630663963643939666239376535326631343563383332
34626165346136323131383838346238383466623364353562653331336265353037336631396338
37333533663030626164633230323632316430383864363166323034616563613564666438323534
38663039653130353066306565366166633931323532643936333934656666363438643439353139
34346332613361316533653066376432313634616162393739653131386463303631636632613234
64643234653133333437663536363834353436303563353435336364613932616363326231303138
65303563356339653362396434366332646533393432653434336236383730313538373962366432
36393663363462383638626137376136346234373938653464653963663930316537663566633766
336333663339343930376533383136383936
