$ANSIBLE_VAULT;1.1;AES256
32383863633662333538666138613430383832333233666664356466386131343464313733303432
3262373533303032356233383264323639306132373239380a663237306336376136333863643431
34366537646434373832316662353861646133333832663739653538623362646363636237656337
6239633034336463630a363233626132343834393134363730363364633863626532323432393837
37306631633530636537343132306530313038313761353764356464343534623836323333663363
32383432383133653330356439373934313031363263333464663731626531656533376666633936
65386364313639366262363133396236316532336436386433343337633836656533386134623936
62316364663865663035363561393063616336393665653334616133303738613230333430303038
39613962383437626339633431373462386333306631373266316532303737653861363438633965
38636333633331636632623731386439336466346563663532333637313763373036383334323931
34643464353632323266303165333130323733306162663164633362653431376266313462653930
38343766336536613932326535393461366632333337646438396164353232636165643537326530
66623561333663316138383630616238313961663864306330343038383930386464313264366364
64393532643738646233303764353330373761316232653534323437643038663063303261383564
32623564653766353437303637646265346363333932366438386635343533323663386162323738
66633166366163623434666364313565663865653730326163343938616234343165623330613733
33323766373864346337303636303239643264343861343237363231366463633437383737616165
64333134626635353935316366356235306134613161646430313162336233326563646232306361
34653930313834616463646536383535346234336330633365386139633364313935373639633763
65623762393634323765393561656337643136373563396138343533313232333666386538383735
34663938613932336164373164333165323236633361343063626236306437316230363766653734
33623061666166396265633938343630613237393831363439333464613565333936633439656266
65336264346662663036656536333761393733613038626533663230643766383130623831363761
65346163383664323137373137626562393365393061333561633233336530306661343130376263
35363437643666616438616566313837393537336234383639623162303663643139656535376565
37613737353461636165626332653939626562306132303936393563666337666438366238333733
66663536633033323738653162366133646632343934656231316530383766323132343737666630
66353366393431613835373134616137653730626532613537366165336565666132383935323534
39633638363063646636623033363564613934326635613030376362386535663836333639376134
30383563306533613637636630623030326661343631373362373039663733613362303537336139
36393866393236326162313365393237306431653863353235353135373938356231306161383134
64356463623038343631643537653132393331366135303731636566363633346435336262323337
63346232626338353733613235626130633737343239363739353630646461666561613962653265
38656534396638383366346634626264393262633034333339653531633932643636373564353337
33653437393461613437333562363066343336303237623330313534373964313165306335643035
66333464623930363938393632326165643234643961343935376130353063313166386163653265
66323736303161393834616132333033633564346331636136613763346135623965376462356334
31326433373530623764353563393032373662613765356465663634396162386437323037363939
34666537306564313939366162333038333631623633323234663038366137623066313938386137
62656237396436623633336634613931313333326561373630373332653037623366636633626563
65656439373831303635303334313966323463303238363239646662373962363231353234333938
35303363373433653332643632373564643632306631356239613338336134656366313134616237
66363038343363323565653065323837623663623533333234306535336361363366326464333631
63353433343662316539353265353665373935316639316339343737326131383965626363626164
31303332653934633932646336643136636463666564336537363036383130306261653863373562
36666262396562373230366566306437646133356161646264666431333937663163633433346639
63396638396662643337643166623265316461353461323739366333343065333164343365666432
66623963303363623531396330376139303332333861663037323835623163656635343162343230
38326435373161636436386630376433656331666239313131363535623837393765366464303232
64353432346335373935643231663234343337656138303664363464626666393461353831343538
37356638633132623433323235373764633563356535393838663864356335383639616263353532
30646536616439643330313432663735343965646631363161653162373762303937646339333364
34383664343463333662663133666635316531333538353665623935653737376363666266623238
33633661623464386461356665326531646631636561616365383631663135383936383365323566
31663238633836396166356366356365623132316132363038303332393764626665333463643432
31366530663739663935343666613961646139396263633038663639386338633063303434326139
38656137343530656261643364386132666236346338646162353739376638653266656466306566
33393466616661613035616632656431623763613362396361623464666235306539353037306237
62663663653530633032306638663164383062363332343738633161623962363237353532633437
62326565643435313936666639626561613563386261303033376165333637356137633064393537
32363536343565386161633732636639303963326637333664376132343038306135633364386230
65343039653132333338323566306533316663323162646138623663613863336334643665303336
63363730366264653564393266643463653438373563383864373436643537353433326666366137
39373031626565383337653436346335316135666536393733353865353136303865383532343636
38313730626534366463663731646263663031323433626332326361343533376436346435336265
32303235656662363233383132383730323966646639646237326536616161353861396238376339
39383239393137306132653762313930326135306436353532323534363439313739383435386262
63316633323539326666356364373637653139306432366666393434366436383336626134366565
66663535633166623438336433626464353161626666646332626363363436353931646132613761
30666366396534616631306663643962363431366233653065626163366265323732393535373435
61306231376261346234333661376332393461316336636561616262353762633563616130626436
31393432316462633833666138306165396234323734356164383538663564383064646334316464
65356130393233636262313365666566316461326133373061326361323531616162633131363462
62626239383335643532663030396662643037346265356133356131626562363331323364323464
61653539656665323336343866346134326239303866623435643064386436653537646233636162
32303035303466353637643761353431623537643865376335323336373163343964363966386132
38396337303963663665333135313962623931636565306236373530653837303034336433666439
33613564376132653336633332623863376435653666623434333263613939613162666165373234
34303930633330313764636334313334616139346563333734633730313132346132393465396366
63353433323634613561666137616631316431343965653637616638353839646631396134333261
61333735633237356535643335326234383061373833303165346366326631393036396366353434
65646632316139653862353730313334323162356464306232373261386134323435323631303336
65643263393334643137396333396261353830343963336662373263313434633534393338353539
63353630663666646237353236383332323766336231633838303562653031353837383530663762
34656137313134343135353330663764353931303339373231373866643564356230626463376161
31643662623434623732656637623736326365623232633838383030356239383361623833643762
63623931323531613939633539326338313163343062393033663662323466646664306633396433
33646639303038363738613061666662356534613439633261643730303739383462303662386165
30643837373862383732646435306438653138633261343231666230643833333462323439356164
65626232363232653136653031643430373133336431316661313565356463333964633936663234
35363139613034616263356562316262356464623237303462376532303766343330616161653562
31376563303934393335636232316163623930376162343164303063613562656436366335326335
31373764636339383263623163353966326163633530323462613737346163396365643332623434
64306335333438343933656535613934663534376339323763323438326662303766383464336231
33636638383332396563386538353032303464313361636237383235343132333536383063643961
62313035316530353265303463666535313231363961613763396138316431653737306261366535
38363332373937316362376330396365643038666532313439666434623666346363636661326664
35376262373462383430656639613134343735333832666563353734303063346366343535303461
61346435663933363536613634326562346365656166363737623532363537356337653735353032
38346135643364323236383738333435656438636562643933666164323934326539353330323065
34366139303938346566323136613764393733623463323734626236623730333930303732623861
35323437393338666166386561343439346661323330613130393265623663326538336632303432
66633037356361656230666134626332613434623762383839363332643062656534656362316161
32666434393164653638633131356437666338653833316464343864336634306535313939373730
39313638666638383464323535323661343532313536323662366538626163396162353736333062
38643535376463343766316662613263663432353563333662666235393433303062343337386162
30316163363162336239666132363762613130306332343139363961306337663063393664323866
34393938653339353862636132333662366238643363623131616236373539356233616461356630
65316534633133666239393665623036373632373165316661616263333764386439323233306134
62653361346436386136633337346164656361663834343162363236653130663639333432613435
65633032613431376462633365376163383461383234366264656566353235623331613065616537
35626261343932663761653561613063633033666264643831663632653664663435373737303133
39346436386333366662323531356230363139313734346566373439376161303165653934316232
62383533386461393934396135373565663731386539633035316265636633396535383330616639
36303434373837616432383733616366626239643139613034326462383164623635623930303766
32323438363061333937643138346538353233613865343466333335366663396465373935303432
65643136643531303034663738663633623037613536316661616665383837386438396465613236
63356630393831663033666135626336343138653461653863313735303764393234363738613462
32616138666638313636366263383361363164396461356130373462616338326633343837306534
32613930333961336366656433636638333761393532636462643764656430366637323466376133
63343136303336353661383563316433633863393764333332376532303531666232653265623461
38393465313735333236366336363164633133336464313338313165323234386265383631323863
61633935313133326330353466386266323631366537623533316661366666313537623461656537
66353339343933366639323136396564396533306136323436643064316635346338313031323436
33336236623238386534613037383436646564656130393565323964343965653536366462656337
65383832663765633861633261663735613566393661343737633565636165626639353433376461
32646235316462376133323534623430323162346236353031613061343863313233393663653736
62333738373965616466323835333231613832663261333638616561633137336633616661643231
37616463643034316437353365376531633162613430616239653463396234336530383739396539
64636636663431633765383964343231363032343765303237333963383032353332396262333032
61313533393035396637633263613536386662303131636332393432373232363163373232663538
64383065363966643362386234333064653134626433306535626433383963663631396339653931
37396434356662653539333462363439633265653134383463373265356639366139383836383536
32393933643466653862626531666131393037326538613535323236626463333939306261333163
343138643038383336616533363432363166
