$ANSIBLE_VAULT;1.1;AES256
66346336303038333135346237336366306162363538623939653131313965333966626635353638
3461626539376661646333326162393434666139666237360a613930343630343630356438303532
33306365333664326439336466313935363964613937366438306130653533343062346630313865
6537306165653535310a633333343633383530623166633134376565353635313332333333366661
34356132376636613963363465393134303133313265383136613866396637386666666234393261
38363736626534353036623331646562336534653531376433333262623336613763653536363834
32646661383035353033373033646261613835376562353631333133393130383939393138336134
61313933656365353163663831373364356233386466616662393837636234636632393364646663
66636439636664323864386533313839376164376265626266353438626236323138316163306535
63396232643237376138343565626635336234396231346432643539633436633662343234613762
35343837303665346639613735333663353961363136316461623239366435623838303765393930
31653066386535323731383935316463383831663730336130353262636634636536643731386263
66643137336233393461383634613132623664633466323966396339633735396265653839656536
3636653331323938383863653763303436623466363261643333
