$ANSIBLE_VAULT;1.1;AES256
66343562373637613662623334396534326462643262323663613733336533373132356663373736
6131313734633231383632383566666561366561373566620a313066633766636333633338643639
39666362346631336634623433326537653039626563353430373966316230393636303436653362
6362383231306664370a333238353266616333323832666636393233383633343930396133383638
35623763333731386363383232653037623638396562383862383563623531393765313961653731
31643633633735626663313632666566333761663162643231623964353061333131656632393131
35633633346533313336363639393433356362353033616631343232323032643433373161383162
33396666663961363436353131663737306233376230343735303961636664386331393864336136
37633937353637383839383365346333633836393036363565306465303362633535633938313335
62303736663866616561626463613035653831356163343561383537313561633835323932363430
66343964396432383138333336316463396631356664616437336537353231393234656437393664
64376166653636336531303865393161333030333937396465363362393534393738393036356162
65303465376636343161303230393961623035303235393230636639363836613339
