$ANSIBLE_VAULT;1.1;AES256
33656164636533613765316139663437633434616635663530626531656463306233383265313836
3032633265376237306163303131386330653139306235360a653766383763313363346233313434
39356331363363616139626465393739643630636631623566383433336630366264633162623432
3931633537666235340a373138613830643134633331393938363435396462323831376439313037
32623561663963613331353834383436313662326434306461396639653236643361656530343233
33306236326436323832383561353461666237633062653631653731636563653330633739383437
31373961346538623963356539306362313461303266633066636264653332323332343934396238
37386235656439643162386562613430646333656335313462656434396431653335333962623839
38386264316330316337346436326565393633383534343132653036666539346235333632383436
35303836633761396431613863306230363963366165373830636639656262373332653863313662
35393664323065373235626337623132313535303331383333616337386661663138306631663465
65303765643234383664383833373234623439666537613439633565343838336363373263333466
37323630306536343161393734626536313331653965326531306466613737346536393539613963
37383163393230646662666630333266613332386630303265306363656532623432343639643537
39383461663533393661626263626562303235363231303937363063343434643864316563333965
38383334313334666662383730363262643966303636303834323339336234663166613839393565
32336131653566393861386536363934323766653636333766326465333737646537396564386436
39396531373362383065633461323336663333386330306233656437643537383565343738623037
61393361396536376232633638623431303564356363303364393561383636323636346361323138
39316261623438333934333332353066313231356166383233376264323064376239343262306639
39346538323737663765323162313735623634343463666161666632666161613436306564353332
35646236363937343836353632656562373339663663346630626536383430363562623939336562
65316234653135373064323962333436373531643565383465366561666231396232346436643261
34393537313764386634323139366633303632363034306661393563373537646166626431316537
38353762316466326133396331666130323636323135326135333138373165326636343933323666
63366235616662616636323836663762653030393236373030643936316333333062326330376666
646261323433613865313038656463343263
